boardpos Map:

a8 b8 c8 d8 e8 f8 g8 h8
a7 b7 c7 d7 e7 f7 g7 h7
a6 b6 c6 d6 e6 f6 g6 h6
a5 b5 c5 d5 e5 f5 g5 h5
a4 b4 c4 d4 e4 f4 g4 h4
a3 b3 c3 d3 e3 f3 g3 h3
a2 b2 c2 d2 e2 f2 g2 h2
a1 b1 c1 d1 h1 f1 g1 h1


(0, 7) (1, 7) (2, 7) (3, 7) (4, 7) (5, 7) (6, 7) (7, 7)
(0, 6) (1, 6) (2, 6) (3, 6) (4, 6) (5, 6) (6, 6) (7, 6)
(0, 5) (1, 5) (2, 5) (3, 5) (4, 5) (5, 5) (6, 5) (7, 5)
(0, 4) (1, 4) (2, 4) (3, 4) (4, 4) (5, 4) (6, 4) (7, 4)
(0, 3) (1, 3) (2, 3) (3, 3) (4, 3) (5, 3) (6, 3) (7, 3)
(0, 2) (1, 2) (2, 2) (3, 2) (4, 2) (5, 2) (6, 2) (7, 2)
(0, 1) (1, 1) (2, 1) (3, 1) (4, 1) (5, 1) (6, 1) (7, 1)
(0, 0) (1, 0) (2, 0) (3, 0) (4, 0) (5, 0) (6, 0) (7, 0)

The numbers correspond directly to the position in the pieceplacement List, ie. b4 => (1,3)


Distance:

07 07 07 07 07 07 07 07
06 06 06 06 06 06 06 07
05 05 05 05 05 05 06 07
04 04 04 04 04 05 06 07
03 03 03 03 04 05 06 07
02 02 02 03 04 05 06 07
01 01 02 03 04 05 06 07
00 01 02 03 04 05 06 07


Centralisation:

04 04 04 04 04 04 04 04
04 03 03 03 03 03 03 04
04 03 02 02 02 02 03 04
04 03 02 01 01 02 03 04
04 03 02 01 01 02 03 04
04 03 02 02 02 02 03 04
04 03 03 03 03 03 03 04
04 04 04 04 04 04 04 04




